47,89,77,74,61,53,82,38,45,73,15,76,41,24,56,55,67,68,95
82,78,47,97,38,62,41,76,93,73,55,24,65,84,57,71,17,74,68,35,53
15,73,97,81,68,82,96,71,35,48,47
46,75,34,59,72,18,37,17,78,53,76,38,67
89,25,56,33,59,37,65
62,61,84,17,41,69,68,67,76,71,53,65,93
25,91,72,15,59,14,89,45,47,48,37,96,34,36,95,75,87,56,81,46,58,33,77
81,34,33,58,75,96,69
55,79,15,56,48,58,81,33,37
89,79,68,74,38,35,78,97,55,73,76,53,95,67,24,25,41,61,84,82,47,71,77
56,48,96,58,81,33,46,14,75,34,59,72,18,37,91,87,29,65,62,93,57
55,46,48,96,74,41,45,71,77,58,89,79,24,33,61
75,72,18,69,65,62,97
95,15,77,89,25,45,56,48,96,58,81,33,46,14,75,34,59,72,18,37,91,87,36
65,62,57,84,53,76,38,82,73,35,74,61,55,24,79,47,95
57,53,61,67,29,79,82,24,17
53,76,67,97,73,35,74,68,55,24,47,95,15,77,89,25,56
68,55,24,79,47,95,89,25,45,56,48,33,46,14,75,34,59,72,18
68,55,79,95,15,45,58,81,75,34,59
84,61,71,78,35,76,74,89,73,67,24,95,25,82,68,55,79,15,47
62,84,37,69,78,82,61,35,29,74,38,91,67,36,17
56,41,68,74,96,82,58,79,81
59,72,18,37,91,87,36,69,29,17,65,62,78,76,38,67,82,71,73
75,76,57,59,62,33,65,53,78,84,37,38,29,46,18,34,93,69,91,17,72
45,56,48,96,58,81,33,46,14,75,34,59,72,18,37,91,87,69,29,17,65,62,93
67,82,97,71,73,35,74,61,41,68,55,24,79,47,95,15,77,25,45,56,48,96,58
95,15,25,45,48,96,81,33,46,14,75,72,18,37,91,87,69
37,87,36,29,17,65,93,57,78,53,38,67,73,35,61
91,72,14,17,33,57,81,96,84
53,76,38,71,73,35,61,68,55,24,47,95,15,77,89
93,38,67,82,73,74,61,41,55,24,79,47,95,15,77
82,71,41,68,79,48,81
65,57,76,82,97,35,61,79,95
97,71,73,35,61,41,68,55,24,79,47,95,15,77,89,25,45,96,58,81,33
77,89,48,96,81,33,14,59,91,87,36,29,17
15,77,91,89,56,47,24,25,59,45,14
53,38,67,97,73,68,55,24,79,47,95,15,77,45,56
34,59,72,18,37,91,87,36,69,17,65,62,93,57,78,84,53,76,38,67,82,97,71
59,18,37,87,36,69,17,93,57,84,38,82,97,71,73
71,73,35,74,61,41,68,55,79,95,15,77,89,25,45,56,96,58,81,33,46
36,69,29,17,65,62,93,57,78,84,53,76,38,67,82,71,73,35,61,41,55
78,72,91,53,57,87,67,84,69,36,82,71,65,37,34
48,58,81,75,34,37,91,36,62
14,59,72,37,91,36,17,65,57,78,67
82,95,84,61,65,79,24
55,33,48,56,61,75,81,14,74,46,34,24,95,41,68
53,74,69,37,82,29,35,87,38,61,67,84,91,78,93,36,62,17,73,65,97
87,57,76,97,74,61,68
18,58,69,17,53,37,29,81,93
29,59,87,72,46,91,15
96,25,38,71,89,61,41,67,15
57,78,53,38,67,97,71,73,35,61,68,24,79,47,95,15,77
76,38,97,71,35,41,55,24,95,15,25,45,48
89,35,41,67,74,71,45,76,68,48,82
47,97,35,74,76,62,78,53,38,84,82,79,57,68,71,65,73,24,41,17,61
69,62,53,76,97
53,76,38,82,97,71,73,35,74,61,41,68,55,24,79,47,95,15,77,89,25,45,56
59,15,45,89,95,47,96,91,79,72,75,87,56,58,33,81,46,37,14,34,48,25,18
82,97,71,35,68,55,79,15,77,89,25,48,81
38,73,41,15,25,48,96
34,59,72,37,36,69,29,17,65,62,78,53,76,97,71
95,71,84,79,74,35,97,25,73,68,45,61,38,15,67,24,55,53,76
45,96,48,46,72,58,89,37,29,69,59
82,71,74,61,24,47,25,45,48,96,81
29,14,34,65,96,57,18,56,58,72,36,93,33,91,37
95,35,45,77,96,58,33,47,97
67,73,35,61,55,24,47,95,15,89,56,48,58
55,79,45,56,48,96,58,81,46,14,75,59,72
82,38,17,41,67,53,73,76,84,55,57,65,62,69,68,24,97
33,81,34,46,72,45,69,56,29,87,36,62,25,96,37,65,58
24,45,97,96,71,95,38
59,87,72,62,25,75,14,58,34
53,41,36,84,69,97,38,93,29,61,87,78,82,71,91,57,62,73,67,74,17
37,76,33,18,81,46,62,87,91,29,14,53,57,34,59
61,97,79,38,78,93,55,53,67,74,24,62,76,57,68,41,73,71,95,15,35
62,57,53,38,82,97,71,74,61,68,55
14,29,17,33,87,46,89,45,48,36,69,81,72,96,18,65,56,59,37,25,58,75,91
38,67,82,71,73,35,74,41,55,79,47,95,77,89,48
81,33,46,14,75,34,59,72,18,37,87,36,29,62,57,53,76
34,46,41,55,58,24,47
29,72,87,96,91,14,65,56,89
67,41,93,78,53
55,79,47,95,77,25,45,56,81,33,14,75,34,18,37
89,96,58,46,14,75,34,59,72,18,91,87,69
87,14,36,46,18,91,57,93,81,78,37,96,48
25,73,68,89,35,53,76,47,97,55,79,67,15,38,77,61,56
14,75,34,59,37,87,36,69,17,57,38
25,96,56,95,58
68,55,24,79,47,95,15,77,89,25,56,48,96,58,81,33,46,14,75,34,59,72,18
72,17,69,38,82,62,57,91,93,97,35,78,87,84,37,18,29,53,76,65,67,36,71
91,71,37,17,34,76,72
79,37,75,34,25,18,72,58,45,95,33,48,91,46,15,47,81,56,87,59,14,77,96
61,41,68,55,24,47,95,77,89,25,45,56,48,96,58,81,33,46,14,34,59
53,38,67,82,73,61,41,68,24,79,47,95,77,89,56
95,73,61,41,89,78,67,77,35,53,15,55,71,74,79
33,75,59,72,87,69,65,62,93,57,38
34,15,72,95,77,25,56,41,55,59,75,68,14,48,47,96,33,58,24
25,79,41,55,77,61,68,34,75,96,45,89,58,74,24,15,95
25,45,48,96,58,33,14,75,59,72,18,91,87,36,69,17,65
71,35,74,61,41,68,24,47,95,15,89,25,56,48,81,33,46
58,81,33,46,14,75,72,18,37,91,69,29,17,65,93,57,78,84,53
75,34,59,72,18,37,91,87,36,69,29,17,65,93,57,78,84,53,76,38,97
62,73,35,68,55,24,15
41,33,74,61,35,46,14,58,73
69,29,84,41,87,38,71,35,76,67,93,97,91,17,78,57,53,61,65,73,82
37,87,36,69,29,65,57,78,84,76,38,82,97,71,35,74,61
95,79,96,97,47,61,45,67,58,77,73,82,24,56,48,15,41,55,74,25,89,68,71
91,87,36,69,17,65,93,57,78,84,53,76,38,67,82,97,71,73,35,74,41
91,29,62,93,57,53,76,38,67,35,41
73,82,55,89,45,84,76,61,68,53,74,25,15,38,67,95,47,24,35,97,41
96,47,45,15,95,37,81,24,55,59,25,75,48,58,77
29,17,34,37,38,36,93,18,57
78,38,35,55,79,95,25
76,18,97,91,73,17,72,78,84,87,29,71,37,59,69
72,18,37,91,87,36,29,17,65,62,93,57,78,84,53,76,38,67,82,97,71,73,35
41,68,55,24,47,77,25,56,48,96,58,14,75,34,72
24,47,95,25,58,33,59
56,33,14,72,91,87,29
84,59,93,37,57,18,87,65,82,36,38,53,75,72,34,91,67,78,14
53,37,73,61,82,57,97,84,69,67,74,17,35,38,93,29,87
81,33,34,72,18,37,91,69,29,62,93,57,78,84,76
95,47,46,34,74,14,79,15,55,75,58,45,77,96,89
95,25,45,56,58,81,14,34,18,36,69
65,33,29,75,38,76,14
91,75,37,14,95,15,34,56,72,45,18,25,24
68,55,24,15,77,89,25,45,96,58,14,75,18
25,81,33,75,59,72,18,37,91,36,69
78,76,82,41,79,89,25
58,81,33,14,34,59,18,37,87,36,29,17,62,93,78,84,53
53,29,84,24,93,55,69
93,57,78,84,53,76,38,67,82,97,71,73,35,61,41,55,79,47,95,15,77
97,71,73,35,74,61,24,95,15,77,25,56,48,96,58,81,33
25,41,55,89,84,61,82,68,79,74,38,35,76,97,78,53,71,73,24,67,77
24,48,71,74,33,79,41,97,56,73,25
15,95,55,76,89
58,71,55,47,77,74,15,82,67,95,73,35,25
18,59,72,78,29,69,53,82,71,34,91,37,97,87,38,84,17,76,36,93,57
46,33,15,95,36,25,45,18,14,87,96,34,69,37,59,72,48,56,81,89,77
96,77,91,24,79,25,75,33,18,58,95,46,89
29,62,53,78,67,69,41,24,73,76,84,57,68,65,38,93,55,74,17,97,71
38,17,72,97,53,75,82,36,57,69,76,29,65,67,84,59,34,62,87,78,91
68,82,97,61,95,77,56,15,24,89,71,45,74,35,41,25,67,48,73,76,47,79,38
87,74,71,73,69,38,17,67,93,57,35,61,41,76,68,62,29
81,25,55,47,61
35,78,68,73,55,82,15,95,57
69,53,65,84,46,33,75,62,18,36,34,76,91,93,29,57,14,37,78,72,17
97,41,47,95,25,58,33
38,67,82,71,73,35,74,61,41,55,24,79,47,95,15,77,89,25,45,48,96
35,76,48,38,15,61,77
81,75,72,65,62,57,78,84,76
41,45,25,77,48,74,24
87,29,65,57,84,76,38,73,35,61,68
95,15,89,25,45,48,96,58,46,14,75,34,59,72,18,37,91,87,36
75,37,69,48,45,72,81,17,46,33,91,65,87,25,56,59,62
18,37,87,69,17,65,93,78,53,38,67,82,73
35,55,79,77,89,25,45,56,48,96,81,33,75
81,87,78,17,69,18,48,57,33,34,65,62,91,93,36,59,96,14,58
29,17,65,62,93,57,78,84,53,38,82,97,71,73,35,74,61,41,68,24,79
46,75,34,59,72,18,37,91,69,17,65,62,93,57,78,84,53,76,67
77,89,45,14,75,91,17
93,62,65,82,67,69,91,87,84,74,97,76,35,29,73,17,71,37,78,36,53
89,24,46,77,61,56,55
75,59,72,18,37,36,69,29,17,65,62,93,57,78,84,53,76,38,67,82,97
97,67,74,95,89,38,77,24,15,61,55,47,73,71,68,82,79,41,84,76,35,53,78
96,58,81,14,75,34,59,72,18,36,69,17,65,93,84
24,79,47,95,15,25,56,96,58,33,46,14,75,34,59,72,18,37,91
18,95,33,69,87,25,75,48,34,14,72,46,96
77,89,75,18,37,87,17
15,58,81,72,87,69,29
77,56,55,73,46,35,96,14,47,15,48
79,47,95,89,25,45,56,48,96,58,81,33,46,14,75,34,72,18,37,91,87
33,18,81,72,46,25,69,36,17,45,56,62,34,87,91,59,48,75,14
77,25,45,56,96,58,33,14,75,34,59,72,18,37,91,87,36,69,17
95,15,45,77,55,14,48,41,74,61,33
76,38,67,82,71,73,74,61,41,68,55,24,79,47,15,77,89,25,45,56,48
62,17,47,73,65,57,41
57,29,59,81,34
69,78,84,53,82,73,61,41,68
77,55,56,75,24,48,59
34,18,36,69,57,67,71
48,96,58,81,33,46,14,75,59,72,18,37,91,87,36,69,29,17,65,62,93,57,78
71,24,29,67,17,79,76,78,53
73,35,55,15,89,33,14
18,34,33,56,15,72,95
96,37,46,34,14,58,36,65,91,17,81
57,67,14,75,36,37,62
87,78,17,62,36,76,37,53,29,46,34,14,81,33,18
38,97,71,73,35,74,61,41,55,24,79,47,89,25,56
93,17,69,76,97,62,38,53,18,57,74,65,35,78,87,71,37
17,65,62,93,57,78,84,53,76,38,82,97,71,73,35,74,61,41,68,55,24,79,47
15,77,25,45,56,48,81,46,14,75,34,18,91,87,36,69,29
37,29,78,84,38,82,97
93,57,78,84,76,67,82,97,71,73,35,41,68,79,47,15,77
59,72,37,91,87,36,69,29,17,65,62,93,57,78,84,53,76,38,67,82,97,71,73
74,35,67,71,62,61,79
41,82,35,36,91,17,57,76,38,53,65,71,87
25,61,41,68,67,38,24,76,79,55,82,35,73
55,15,75,14,81,45,96,37,72
29,15,18,87,91,56,58,89,48,46,77
18,87,69,84,38,71,74
93,45,29,75,62,18,59
45,75,36,18,95
72,25,69,34,36,56,37,59,33,96,89,95,18,91,87
47,45,89,55,58,79,56,46,75,68,24,14,96,15,81,74,48,77,34,41,95
14,77,48,96,34,87,75,33,91,46,59,95,81,58,56,47,25,45,79,37,72